Crie no banco de dados as tabelas abaixo:
id_nf - 1, 1, 1, 1, 1, 2, 2, 2, 3, 3, 3, 3, 4, 4, 4, 4, 5, 5, 6, 6, 7, 7, 7, 7;

id_item: 1, 2, 3, 4, 5, 1, 2, 3, 1, 2, 3, 4, 1, 2, 3, 4, 1, 2, 1, 2, 1, 2, 3, 4;

cod_prod: 1, 2, 3, 4, 5, 3, 4, 5, 1, 4, 5, 2, 5, 4, 1, 2, 3, 5, 1, 3, 1, 2, 3, 5;

valor_unit: 25, 13.50, 15, 10, 30, 15, 10, 30, 25, 10, 30, 13.50, 30, 10, 25, 13.50, 15, 30, 25, 15, 25, 13.50, 15, 30

quantidade: 10, 3, 2, 1, 1, 4, 5, 7, 5, 4, 5, 7, 10, 12, 13, 15, 3, 6, 22, 25, 10, 10, 10, 10

desconto(%): 5, null, null, null, null, null, null, null, null, null, null, null, 15, 5, 5, 5, null, null, 15, 20, 3, 4, 4, 1